20.1774 0 -97.9432 40.3548 -32.6477 -85.4729 73.0026 -20.1774 -65.2955 73.0026 20.1774 -65.2955 40.3548 32.6477 -85.4729 
20.1774 0 97.9432 40.3548 32.6477 85.4729 73.0026 20.1774 65.2955 73.0026 -20.1774 65.2955 40.3548 -32.6477 85.4729 
-20.1774 0 97.9432 -40.3548 -32.6477 85.4729 -73.0026 -20.1774 65.2955 -73.0026 20.1774 65.2955 -40.3548 32.6477 85.4729 
-20.1774 0 -97.9432 -40.3548 32.6477 -85.4729 -73.0026 20.1774 -65.2955 -73.0026 -20.1774 -65.2955 -40.3548 -32.6477 -85.4729 
97.9432 20.1774 0 85.4729 40.3548 32.6477 65.2955 73.0026 20.1774 65.2955 73.0026 -20.1774 85.4729 40.3548 -32.6477 
0 97.9432 20.1774 32.6477 85.4729 40.3548 20.1774 65.2955 73.0026 -20.1774 65.2955 73.0026 -32.6477 85.4729 40.3548 
-97.9432 20.1774 0 -85.4729 40.3548 -32.6477 -65.2955 73.0026 -20.1774 -65.2955 73.0026 20.1774 -85.4729 40.3548 32.6477 
0 97.9432 -20.1774 -32.6477 85.4729 -40.3548 -20.1774 65.2955 -73.0026 20.1774 65.2955 -73.0026 32.6477 85.4729 -40.3548 
-97.9432 -20.1774 0 -85.4729 -40.3548 32.6477 -65.2955 -73.0026 20.1774 -65.2955 -73.0026 -20.1774 -85.4729 -40.3548 -32.6477 
0 -97.9432 -20.1774 32.6477 -85.4729 -40.3548 20.1774 -65.2955 -73.0026 -20.1774 -65.2955 -73.0026 -32.6477 -85.4729 -40.3548 
97.9432 -20.1774 0 85.4729 -40.3548 -32.6477 65.2955 -73.0026 -20.1774 65.2955 -73.0026 20.1774 85.4729 -40.3548 32.6477 
0 -97.9432 20.1774 -32.6477 -85.4729 40.3548 -20.1774 -65.2955 73.0026 20.1774 -65.2955 73.0026 32.6477 -85.4729 40.3548 
85.4729 40.3548 -32.6477 97.9432 20.1774 0 97.9432 -20.1774 0 85.4729 -40.3548 -32.6477 73.0026 -20.1774 -65.2955 73.0026 20.1774 -65.2955 
85.4729 -40.3548 32.6477 97.9432 -20.1774 0 97.9432 20.1774 0 85.4729 40.3548 32.6477 73.0026 20.1774 65.2955 73.0026 -20.1774 65.2955 
-85.4729 40.3548 32.6477 -97.9432 20.1774 0 -97.9432 -20.1774 0 -85.4729 -40.3548 32.6477 -73.0026 -20.1774 65.2955 -73.0026 20.1774 65.2955 
-85.4729 -40.3548 -32.6477 -97.9432 -20.1774 0 -97.9432 20.1774 0 -85.4729 40.3548 -32.6477 -73.0026 20.1774 -65.2955 -73.0026 -20.1774 -65.2955 
40.3548 32.6477 -85.4729 20.1774 0 -97.9432 -20.1774 0 -97.9432 -40.3548 32.6477 -85.4729 -20.1774 65.2955 -73.0026 20.1774 65.2955 -73.0026 
-40.3548 -32.6477 -85.4729 -20.1774 0 -97.9432 20.1774 0 -97.9432 40.3548 -32.6477 -85.4729 20.1774 -65.2955 -73.0026 -20.1774 -65.2955 -73.0026 
40.3548 -32.6477 85.4729 20.1774 0 97.9432 -20.1774 0 97.9432 -40.3548 -32.6477 85.4729 -20.1774 -65.2955 73.0026 20.1774 -65.2955 73.0026 
-40.3548 32.6477 85.4729 -20.1774 0 97.9432 20.1774 0 97.9432 40.3548 32.6477 85.4729 20.1774 65.2955 73.0026 -20.1774 65.2955 73.0026 
32.6477 85.4729 -40.3548 0 97.9432 -20.1774 0 97.9432 20.1774 32.6477 85.4729 40.3548 65.2955 73.0026 20.1774 65.2955 73.0026 -20.1774 
-32.6477 85.4729 40.3548 0 97.9432 20.1774 0 97.9432 -20.1774 -32.6477 85.4729 -40.3548 -65.2955 73.0026 -20.1774 -65.2955 73.0026 20.1774 
-32.6477 -85.4729 -40.3548 0 -97.9432 -20.1774 0 -97.9432 20.1774 -32.6477 -85.4729 40.3548 -65.2955 -73.0026 20.1774 -65.2955 -73.0026 -20.1774 
32.6477 -85.4729 40.3548 0 -97.9432 20.1774 0 -97.9432 -20.1774 32.6477 -85.4729 -40.3548 65.2955 -73.0026 -20.1774 65.2955 -73.0026 20.1774 
20.1774 65.2955 -73.0026 32.6477 85.4729 -40.3548 65.2955 73.0026 -20.1774 85.4729 40.3548 -32.6477 73.0026 20.1774 -65.2955 40.3548 32.6477 -85.4729 
85.4729 40.3548 32.6477 73.0026 20.1774 65.2955 40.3548 32.6477 85.4729 20.1774 65.2955 73.0026 32.6477 85.4729 40.3548 65.2955 73.0026 20.1774 
-73.0026 20.1774 65.2955 -40.3548 32.6477 85.4729 -20.1774 65.2955 73.0026 -32.6477 85.4729 40.3548 -65.2955 73.0026 20.1774 -85.4729 40.3548 32.6477 
-85.4729 40.3548 -32.6477 -65.2955 73.0026 -20.1774 -32.6477 85.4729 -40.3548 -20.1774 65.2955 -73.0026 -40.3548 32.6477 -85.4729 -73.0026 20.1774 -65.2955 
-85.4729 -40.3548 32.6477 -65.2955 -73.0026 20.1774 -32.6477 -85.4729 40.3548 -20.1774 -65.2955 73.0026 -40.3548 -32.6477 85.4729 -73.0026 -20.1774 65.2955 
-20.1774 -65.2955 -73.0026 -32.6477 -85.4729 -40.3548 -65.2955 -73.0026 -20.1774 -85.4729 -40.3548 -32.6477 -73.0026 -20.1774 -65.2955 -40.3548 -32.6477 -85.4729 
85.4729 -40.3548 -32.6477 65.2955 -73.0026 -20.1774 32.6477 -85.4729 -40.3548 20.1774 -65.2955 -73.0026 40.3548 -32.6477 -85.4729 73.0026 -20.1774 -65.2955 
20.1774 -65.2955 73.0026 32.6477 -85.4729 40.3548 65.2955 -73.0026 20.1774 85.4729 -40.3548 32.6477 73.0026 -20.1774 65.2955 40.3548 -32.6477 85.4729 